,Age,BMI,Systolic_BP,Cholesterol,Blood_Sugar,Heart_Rate,Exercise_Days
Age,1.0,0.716,0.669,0.579,0.368,0.179,0.12
BMI,0.716,1.0,0.59,0.468,0.248,0.08,0.157
Systolic_BP,0.669,0.59,1.0,0.366,0.383,0.07,0.033
Cholesterol,0.579,0.468,0.366,1.0,0.201,0.036,0.074
Blood_Sugar,0.368,0.248,0.383,0.201,1.0,-0.095,-0.042
Heart_Rate,0.179,0.08,0.07,0.036,-0.095,1.0,-0.161
Exercise_Days,0.12,0.157,0.033,0.074,-0.042,-0.161,1.0
